0 0
40 59
1110000000000000000000000000000000000000000000000000000000000
1110111111111111110111111111111111111110111110111110111111110
0110110000000110110110000110000000110000110110000110000000110
0110110110110110111110111110111111111111110110111111111111110
0110110110110000000110000000000000000110110000110000000110110
0111111111111110111111110111111110111110111110111111110110110
0000000110110000110000000000110000000000000110000110000110110
0110111110110111110110111111110111110111110111111110110110110
0110000000000000000110110000000110000110000110110000110000000
0110110111110111111110111110110110111111110110110111111111110
0110110000110000110110110000110110000000110110000000110110000
0111110111111111110111111111110110110111111111110110110111110
0000110000110110110000000000110110110110000110000110110000000
0111110111110110110111111110111110110111110110111110111111110
0000110110110000110110000000110000110000110000000110110000110
0111111110111110111111110111111111111111111110111110111110110
0000000110000110110000110000000110000000000000110110110110110
0111111110110110111110110111111111111111110111110111110110110
0110000000110110000000000000110000110110110110000000110000000
0110111111111111111110111110110111110110110111110111111111110
0000000000000110110000110000110000000000110110000000000110000
0111110111111110110111111111110110111111110110111111111111110
0110000110000110110000110110000110000110110110000000000110110
0110111110110110111110110110110111111110111110111111110110110
0110110110110000000000110000110000110000000110000110110110000
0110110110110110110111111111110111111110110110110110110110110
0110000000110110110000110000110000000000110110110110110000110
0110111111110111110111110111111110111111111111111110111110110
0110110000110110000000000000000000110110000000000110000000110
0111111110111111111111111111111111110110111111111111111111110
0110110000000110000000110000110000000000000110110110000000000
0110111110111110110111110111111111111111110110110111111110110
0110000110000000110110000000000110000000000000000000110000110
0110110110110111111110111110110110111110110111111110110111110
0110110000110000000110110110110110110000110000110110110110000
0110111110110110111111110110111111110110110111110110111111110
0110000110110110000000110110000110110110110000000110110000000
0111110111111111110110110110110110111111110111111110110111110
0000110000110000000110110000110000000110110110110000110110110
0111110111111111111111111110111111111110110110111111111110110
0000000000000000000000000000000000000000000000000000000000110
