0 0
20 30
1110000000000000000000000000000
1111110111110110111111111111110
0110110110000110110110110000110
0110110110110110110110111110110
0110110110110110110000000110000
0110110110110111110111111111110
0110110110110110110000000110000
0110110111110110111110110111110
0110000000110000110110110110000
0111110110111110110110111111110
0000110110110110000110110000000
0111110111110111110110110110110
0110110000000110110000110110110
0110111111110110111111111111110
0000110110000110110000000000110
0111110111111110110111111111110
0000000110000000000000110000110
0110110111110111110110110111110
0110110000110110000110110000110
0111111111111111110111110111110
0000000000000000000000000000111
